utm_zone = 11
lever_arm = [0, 0, 0]

[boresight]
roll = -1.5315439732476845
pitch = -0.2429369449206635
yaw = -1.4557712306633346